213 187
352 143
222 152
369 76
243 268
420 348
301 194
326 378
347 229
405 174
405 182
251 107
244 247
331 383
332 357
324 271
285 137
222 153
253 75
210 212
241 319
360 413
319 58
383 127
397 173
232 295
381 39
234 33
412 92
420 404
329 307
201 161
290 291
326 355
370 142
234 32
331 386
294 1
218 181
326 414
313 301
321 323
325 419
250 252
229 70
297 335
324 326
216 23
313 317
376 403
274 276
296 308
420 266
408 168
372 338
273 35
222 157
276 389
377 292
295 297
275 352
298 342
298 336
350 256
332 405
248 139
271 272
411 80
366 279
324 330
277 318
320 18
313 316
259 277
249 21
202 203
382 131
405 171
388 61
392 72
207 117
331 385
206 111
265 77
262 3
402 53
405 169
316 193
238 398
256 257
261 262
255 93
358 359
341 180
390 84
380 202
224 392
275 263
245 15
306 312
336 19
302 303
401 293
381 43
251 30
222 154
252 74
339 122
309 412
242 225
313 221
307 104
406 10
325 340
234 31
283 287
250 254
284 135
408 170
324 329
351 98
366 367
351 97
248 140
388 66
332 218
324 331
239 90
381 37
216 24
332 408
416 379
337 94
221 198
332 397
398 103
331 249
264 114
325 351
341 162
228 38
244 248
231 238
306 233
331 384
405 167
385 125
251 29
217 81
226 227
388 65
294 2
308 186
246 17
242 304
338 4
384 126
275 370
207 116
405 109
270 48
326 273
298 343
405 165
237 217
310 12
205 206
207 115
318 44
304 106
240 242
385 129
407 102
260 396
367 240
394 69
388 60
201 166
211 189
360 250
332 341
384 123
244 245
275 289
292 87
210 211
400 377
279 223
237 288
289 144
365 159
311 8
379 364
357 99
420 415
235 237
306 372
315 199
332 365
323 188
223 224
232 324
398 407
305 306
300 178
419 13
361 313
214 192
344 149
225 6
405 160
266 267
225 5
418 183
332 391
225 7
340 49
398 354
250 253
400 401
347 269
420 421
211 191
368 26
384 128
325 278
293 89
209 376
404 290
364 219
392 71
399 22
415 366
388 62
269 68
313 314
265 78
362 283
342 150
351 95
333 334
384 113
325 356
220 86
359 28
349 374
324 332
326 270
321 322
325 310
222 155
233 234
317 195
327 337
282 393
275 409
242 311
232 360
355 34
391 177
281 282
250 251
245 14
249 148
361 358
263 147
378 56
332 201
289 141
292 46
227 100
404 302
347 394
232 361
387 120
408 200
250 255
315 196
267 371
232 362
274 275
399 105
334 320
405 175
206 112
415 281
417 52
376 402
368 27
414 47
219 220
405 164
279 274
207 119
415 416
240 241
330 299
210 214
401 239
210 213
397 179
288 79
325 368
345 83
287 138
348 349
356 9
303 309
332 418
244 246
257 321
351 96
283 284
353 305
405 158
348 350
331 207
393 226
291 346
295 298
265 41
405 176
245 54
314 197
335 134
324 328
375 417
312 110
386 130
405 163
413 222
204 243
410 118
254 73
374 235
216 25
283 286
407 40
363 208
236 345
203 261
283 285
227 101
331 264
384 121
398 381
325 406
331 387
396 215
247 57
343 91
331 369
222 156
289 146
398 228
251 108
268 45
324 244
339 132
276 390
328 410
415 380
326 373
371 400
412 399
388 64
415 363
288 82
360 205
331 382
203 280
324 325
212 190
298 344
313 315
235 236
347 395
339 133
331 339
403 51
398 265
245 16
272 85
348 230
418 184
230 232
257 210
280 294
232 333
209 375
389 63
230 231
258 260
322 36
395 67
222 151
332 300
384 124
356 11
354 42
258 259
388 59
215 216
295 296
299 20
415 258
421 353
202 204
276 388
409 145
346 347
286 136
324 327
308 185
237 411
373 55
208 209
403 50
278 88
397 172
